     test00001  C2001 11 20.08133 23 02 24.17 +20 40 23.33         19.6   g    644
     test00001  C2001 11 20.10233 23 02 17.32 +20 39 36.26         20.3   g    644
     test00001  C2001 11 20.12434 23 02 06.98 +20 38 54.59         19.5   g    644
     test00002  C2001 11 20.08133 23 02 24.38 +20 25 06.75         20.0   g    644
     test00002  C2001 11 20.10233 23 02 26.65 +20 24 15.69         19.8   g    644
     test00002  C2001 11 20.12434 23 02 24.64 +20 22 42.88         20.0   g    644
     test00003  C2001 11 20.08133 23 02 11.57 +20 25 06.63         19.5   g    644
     test00003  C2001 11 20.10233 23 02 02.04 +20 23 26.08         20.9   g    644
     test00003  C2001 11 20.12434 23 01 51.85 +20 21 01.74         20.3   g    644
     test00004  C2001 11 20.08133 22 58 29.27 +20 15 38.85         20.5   g    644
     test00004  C2001 11 20.10233 22 58 29.54 +20 15 32.92         19.4   g    644
     test00004  C2001 11 20.12434 22 58 29.88 +20 15 27.81         19.4   g    644
     test00005  C2001 11 20.08133 23 02 13.30 +20 10 17.80         19.4   g    644
     test00005  C2001 11 20.10233 23 02 10.93 +20 13 14.28         19.4   g    644
     test00005  C2001 11 20.12434 23 02 02.58 +20 15 58.46         18.8   g    644
     test00006  C2001 11 20.08133 23 02 13.30 +20 10 17.80         19.4   g    644
     test00006  C2001 11 20.10233 23 02 10.93 +20 13 14.28         19.4   g    644
     test00006  C2001 11 20.12434 23 02 07.73 +20 15 58.62         18.8   g    644
     test00007  C2001 11 20.08133 23 02 13.30 +20 10 17.80         19.4   g    644
     test00007  C2001 11 20.10233 23 02 10.93 +20 13 14.28         19.4   g    644
     test00007  C2001 11 20.12434 23 02 08.58 +20 15 58.50         18.7   g    644
     test00008  C2001 11 20.08133 23 02 13.30 +20 10 17.80         19.4   g    644
     test00008  C2001 11 20.10233 23 02 10.93 +20 13 14.28         19.4   g    644
     test00008  C2001 11 20.12434 23 02 19.47 +20 15 58.35         18.7   g    644
     test00009  C2001 11 20.08133 23 02 13.30 +20 10 17.80         19.4   g    644
     test00009  C2001 11 20.10233 23 02 10.93 +20 13 14.28         19.4   g    644
     test00009  C2001 11 20.12434 23 02 10.00 +20 15 58.92         19.0   g    644
     test0001a  C2001 11 20.08133 23 02 08.81 +20 10 17.85         20.1   g    644
     test0001a  C2001 11 20.10233 23 02 10.93 +20 13 14.28         19.4   g    644
     test0001a  C2001 11 20.12434 23 02 02.58 +20 15 58.46         18.8   g    644
     test0001b  C2001 11 20.08133 23 02 08.81 +20 10 17.85         20.1   g    644
     test0001b  C2001 11 20.10233 23 02 10.93 +20 13 14.28         19.4   g    644
     test0001b  C2001 11 20.12434 23 02 07.73 +20 15 58.62         18.8   g    644
     test0001c  C2001 11 20.08133 23 02 08.81 +20 10 17.85         20.1   g    644
     test0001c  C2001 11 20.10233 23 02 10.93 +20 13 14.28         19.4   g    644
     test0001c  C2001 11 20.12434 23 02 08.58 +20 15 58.50         18.7   g    644
     test0001d  C2001 11 20.08133 23 02 08.81 +20 10 17.85         20.1   g    644
     test0001d  C2001 11 20.10233 23 02 10.93 +20 13 14.28         19.4   g    644
     test0001d  C2001 11 20.12434 23 02 19.47 +20 15 58.35         18.7   g    644
     test0001e  C2001 11 20.08133 23 02 08.81 +20 10 17.85         20.1   g    644
     test0001e  C2001 11 20.10233 23 02 10.93 +20 13 14.28         19.4   g    644
     test0001e  C2001 11 20.12434 23 02 10.00 +20 15 58.92         19.0   g    644
     test0001f  C2001 11 20.08133 23 02 06.51 +20 12 09.24         20.6   g    644
     test0001f  C2001 11 20.10233 23 02 10.93 +20 13 14.28         19.4   g    644
     test0001f  C2001 11 20.12434 23 02 13.09 +20 14 52.42         19.2   g    644
     test0001g  C2001 11 20.08133 23 02 17.68 +20 12 55.47         18.9   g    644
     test0001g  C2001 11 20.10233 23 02 10.93 +20 13 14.28         19.4   g    644
     test0001g  C2001 11 20.12434 23 02 03.28 +20 12 54.21         18.7   g    644
     test0001h  C2001 11 20.08133 23 02 09.09 +20 15 59.78         18.5   g    644
     test0001h  C2001 11 20.10233 23 02 10.93 +20 13 14.28         19.4   g    644
     test0001h  C2001 11 20.12434 23 02 14.15 +20 10 16.52         19.5   g    644
     test0001i  C2001 11 20.08133 23 01 18.39 +20 04 46.57         20.9   g    644
     test0001i  C2001 11 20.10233 23 01 16.78 +20 07 19.08         21.2   g    644
     test0001i  C2001 11 20.12434 23 01 22.72 +20 10 15.24         19.5   g    644
     test0001j  C2001 11 20.08133 23 00 22.10 +19 59 20.23         18.7   g    644
     test0001j  C2001 11 20.10233 23 00 27.88 +20 01 38.87         18.8   g    644
     test0001j  C2001 11 20.12434 23 00 34.36 +20 03 08.28         19.6   g    644
     test0001k  C2001 11 20.08133 23 00 22.02 +19 59 40.29         20.7   g    644
     test0001k  C2001 11 20.10233 23 00 27.88 +20 01 38.87         18.8   g    644
     test0001k  C2001 11 20.12434 23 00 34.36 +20 03 08.28         19.6   g    644
     test0001l  C2001 11 20.08133 23 01 44.64 +19 59 35.83         22.3   g    644
     test0001l  C2001 11 20.10233 23 01 50.64 +19 59 05.46         21.3   g    644
     test0001l  C2001 11 20.12434 23 01 55.66 +19 59 11.66         20.4   g    644
     test0001m  C2001 11 20.08133 23 01 53.95 +19 57 15.79         20.0   g    644
     test0001m  C2001 11 20.10233 23 01 50.64 +19 59 05.46         21.3   g    644
     test0001m  C2001 11 20.12434 23 01 41.57 +20 00 31.50         19.9   g    644
     test0001n  C2001 11 20.08133 23 01 38.89 +20 01 22.41         19.6   g    644
     test0001n  C2001 11 20.10233 23 01 31.90 +19 59 04.14         19.5   g    644
     test0001n  C2001 11 20.12434 23 01 21.90 +19 58 32.01         20.4   g    644
     test0001o  C2001 11 20.08133 23 01 16.73 +19 55 57.71         20.0   g    644
     test0001o  C2001 11 20.10233 23 01 17.56 +19 57 24.90         21.2   g    644
     test0001o  C2001 11 20.12434 23 01 21.90 +19 58 32.01         20.4   g    644
     test0001p  C2001 11 20.08133 23 01 16.73 +19 55 57.71         20.0   g    644
     test0001p  C2001 11 20.10233 23 01 24.31 +19 57 14.90         20.1   g    644
     test0001p  C2001 11 20.12434 23 01 34.41 +19 58 36.05         18.5   g    644
     test0001q  C2001 11 20.08133 23 01 26.61 +19 56 00.12         19.9   g    644
     test0001q  C2001 11 20.10233 23 01 24.31 +19 57 14.90         20.1   g    644
     test0001q  C2001 11 20.12434 23 01 21.90 +19 58 32.01         20.4   g    644
     test0001r  C2001 11 20.08133 23 01 26.61 +19 56 00.12         19.9   g    644
     test0001r  C2001 11 20.10233 23 01 30.72 +19 56 51.19         20.4   g    644
     test0001r  C2001 11 20.12434 23 01 34.41 +19 58 36.05         18.5   g    644
